170 8
0 0
0 0
0 0
0 0
0 0
0 0
0 0
0 0
63 0
161 248
80 11
63 0
0 224
0 0
0 0
144 14
201 0
95 21
146 1
175 12
91 2
190 236
35 3
207 173
236 3
37 72
181 4
3 180
125 5
175 233
69 6
114 225
13 7
150 147
213 7
103 248
156 8
55 8
100 9
89 187
42 10
34 10
241 10
239 236
182 11
30 92
124 12
19 80
65 13
53 193
5 14
243 167
201 14
190 252
140 15
14 184
79 16
99 210
17 17
63 68
211 17
47 6
148 18
195 16
84 19
148 92
19 20
66 226
209 20
118 154
143 21
221 125
76 22
49 133
8 23
49 169
195 23
167 226
125 24
100 42
55 25
68 121
239 25
43 200
166 26
10 16
93 27
216 73
18 28
153 110
198 28
92 119
121 29
56 93
43 30
83 25
220 30
220 164
139 31
15 249
57 32
50 15
231 32
155 224
146 33
168 102
61 34
200 154
230 34
115 118
142 35
50 243
52 36
154 10
218 36
76 182
125 37
250 239
31 38
98 177
192 38
82 244
95 39
167 178
253 39
74 230
153 40
55 137
52 41
120 149
205 41
37 5
101 42
105 210
250 42
125 247
142 43
170 110
33 44
76 50
178 44
205 60
65 45
170 136
206 45
112 16
90 46
190 206
227 46
69 190
107 47
199 217
241 47
24 28
118 48
31 128
248 48
214 0
121 49
72 153
247 49
147 68
116 50
234 253
238 50
144 192
103 51
222 135
222 51
65 79
83 52
54 18
198 52
82 204
54 53
60 121
165 53
176 20
18 54
126 154
124 54
138 6
229 54
206 84
75 55
89 129
175 55
77 136
17 56
227 101
113 56
105 22
207 56
66 150
42 57
232 225
131 57
232 245
218 57
232 206
47 58
163 105
130 58
232 194
210 58
158 215
32 59
196 164
108 59
110 39
182 59
196 92
253 59
10 66
66 60
150 212
132 60
217 17
197 60
87 247
2 61
174 130
62 61
146 177
119 61
207 129
174 61
72 241
226 61
247 253
20 62
239 165
68 62
89 231
113 62
118 192
156 62
160 47
197 62
71 51
235 62
245 201
14 63
74 242
47 63
254 170
78 63
227 242
106 63
226 200
132 63
251 43
156 63
72 27
177 63
249 149
195 63
90 155
211 63
203 42
225 63
199 67
236 63
224 229
244 63
193 16
251 63
45 196
254 63
0 0
0 64
45 196
254 63
193 16
251 63
224 229
244 63
199 67
236 63
203 42
225 63
90 155
211 63
249 149
195 63
72 27
177 63
251 43
156 63
226 200
132 63
227 242
106 63
254 170
78 63
74 242
47 63
245 201
14 63
71 51
235 62
160 47
197 62
118 192
156 62
89 231
113 62
239 165
68 62
247 253
20 62
72 241
226 61
207 129
174 61
146 177
119 61
174 130
62 61
87 247
2 61
217 17
197 60
150 212
132 60
10 66
66 60
196 92
253 59
110 39
182 59
196 164
108 59
158 215
32 59
232 194
210 58
163 105
130 58
232 206
47 58
232 245
218 57
232 225
131 57
66 150
42 57
105 22
207 56
227 101
113 56
77 136
17 56
89 129
175 55
206 84
75 55
138 6
229 54
126 154
124 54
176 20
18 54
60 121
165 53
82 204
54 53
54 18
198 52
65 79
83 52
222 135
222 51
144 192
103 51
234 253
238 50
147 68
116 50
72 153
247 49
214 0
121 49
31 128
248 48
24 28
118 48
199 217
241 47
69 190
107 47
190 206
227 46
112 16
90 46
170 136
206 45
205 60
65 45
76 50
178 44
170 110
33 44
125 247
142 43
105 210
250 42
37 5
101 42
120 149
205 41
55 137
52 41
74 230
153 40
167 178
253 39
82 244
95 39
98 177
192 38
250 239
31 38
76 182
125 37
154 10
218 36
50 243
52 36
115 118
142 35
200 154
230 34
168 102
61 34
155 224
146 33
50 15
231 32
15 249
57 32
220 164
139 31
83 25
220 30
56 93
43 30
92 119
121 29
153 110
198 28
216 73
18 28
10 16
93 27
43 200
166 26
68 121
239 25
100 42
55 25
167 226
125 24
49 169
195 23
49 133
8 23
221 125
76 22
118 154
143 21
66 226
209 20
148 92
19 20
195 16
84 19
47 6
148 18
63 68
211 17
99 210
17 17
14 184
79 16
190 252
140 15
243 167
201 14
53 193
5 14
19 80
65 13
30 92
124 12
239 236
182 11
34 10
241 10
89 187
42 10
55 8
100 9
103 248
156 8
150 147
213 7
114 225
13 7
175 233
69 6
3 180
125 5
37 72
181 4
207 173
236 3
190 236
35 3
175 12
91 2
95 21
146 1
144 14
201 0
0 0
0 0
112 241
54 255
161 234
109 254
81 243
164 253
66 19
220 252
49 82
19 252
219 183
74 251
253 75
130 250
81 22
186 249
142 30
242 248
106 108
42 248
153 7
99 247
201 247
155 246
167 68
213 245
222 245
14 245
17 19
73 244
226 163
131 243
237 175
190 242
203 62
250 241
13 88
54 241
66 3
115 240
242 71
176 239
157 45
238 238
193 187
44 238
209 249
107 237
61 239
171 236
108 163
236 235
190 29
46 235
138 101
112 234
35 130
179 233
207 122
247 232
207 86
60 232
89 29
130 231
156 213
200 230
188 134
16 230
213 55
89 229
246 239
162 228
40 182
237 227
103 145
57 227
164 136
134 226
200 162
212 225
173 230
35 225
36 91
116 224
241 6
198 223
206 240
24 223
101 31
109 222
88 153
194 221
56 101
25 221
141 137
113 220
206 12
203 219
102 245
37 219
180 73
130 218
6 16
224 217
158 78
63 217
174 11
160 216
89 77
2 216
182 25
102 215
201 118
203 214
136 106
50 214
219 250
154 213
151 45
5 213
131 8
113 212
86 145
222 211
180 205
77 211
51 195
190 210
86 119
49 210
144 239
165 209
66 49
28 209
187 65
148 208
57 38
14 208
232 227
137 207
225 127
7 207
42 255
134 206
184 102
8 206
109 187
139 205
22 2
17 205
112 63
152 204
34 120
33 204
191 176
172 203
202 237
57 203
174 51
201 202
196 134
90 202
80 235
237 201
130 101
131 201
118 249
26 201
50 171
180 200
167 126
80 200
179 119
238 199
29 154
142 199
151 233
48 199
190 105
213 198
24 30
124 198
24 10
37 198
24 49
208 197
93 150
125 197
24 61
45 197
98 40
223 196
60 91
147 196
146 216
73 196
60 163
2 196
246 189
189 195
106 43
123 195
39 238
58 195
169 8
253 194
82 125
193 194
110 78
136 194
49 126
81 194
184 14
29 194
9 2
235 193
17 90
187 193
167 24
142 193
138 63
99 193
96 208
58 193
185 204
20 193
11 54
241 192
182 13
208 192
2 85
177 192
29 13
149 192
30 55
123 192
5 212
99 192
184 228
78 192
7 106
60 192
166 100
44 192
53 213
30 192
57 188
19 192
32 26
11 192
63 239
4 192
211 59
1 192
0 0
0 192
211 59
1 192
63 239
4 192
32 26
11 192
57 188
19 192
53 213
30 192
166 100
44 192
7 106
60 192
184 228
78 192
5 212
99 192
30 55
123 192
29 13
149 192
2 85
177 192
182 13
208 192
11 54
241 192
185 204
20 193
96 208
58 193
138 63
99 193
167 24
142 193
17 90
187 193
9 2
235 193
184 14
29 194
49 126
81 194
110 78
136 194
82 125
193 194
169 8
253 194
39 238
58 195
106 43
123 195
246 189
189 195
60 163
2 196
146 216
73 196
60 91
147 196
98 40
223 196
24 61
45 197
93 150
125 197
24 49
208 197
24 10
37 198
24 30
124 198
190 105
213 198
151 233
48 199
29 154
142 199
179 119
238 199
167 126
80 200
50 171
180 200
118 249
26 201
130 101
131 201
80 235
237 201
196 134
90 202
174 51
201 202
202 237
57 203
191 176
172 203
34 120
33 204
112 63
152 204
22 2
17 205
109 187
139 205
184 102
8 206
42 255
134 206
225 127
7 207
232 227
137 207
57 38
14 208
187 65
148 208
66 49
28 209
144 239
165 209
86 119
49 210
51 195
190 210
180 205
77 211
86 145
222 211
131 8
113 212
151 45
5 213
219 250
154 213
136 106
50 214
201 118
203 214
182 25
102 215
89 77
2 216
174 11
160 216
158 78
63 217
6 16
224 217
180 73
130 218
102 245
37 219
206 12
203 219
141 137
113 220
56 101
25 221
88 153
194 221
101 31
109 222
206 240
24 223
241 6
198 223
36 91
116 224
173 230
35 225
200 162
212 225
164 136
134 226
103 145
57 227
40 182
237 227
246 239
162 228
213 55
89 229
188 134
16 230
156 213
200 230
89 29
130 231
207 86
60 232
207 122
247 232
35 130
179 233
138 101
112 234
190 29
46 235
108 163
236 235
61 239
171 236
209 249
107 237
193 187
44 238
157 45
238 238
242 71
176 239
66 3
115 240
13 88
54 241
203 62
250 241
237 175
190 242
226 163
131 243
17 19
73 244
222 245
14 245
167 68
213 245
201 247
155 246
153 7
99 247
106 108
42 248
142 30
242 248
81 22
186 249
253 75
130 250
219 183
74 251
49 82
19 252
66 19
220 252
81 243
164 253
161 234
109 254
112 241
54 255
0 0
0 0
144 14
201 0
95 21
146 1
175 12
91 2
190 236
35 3
207 173
236 3
37 72
181 4
3 180
125 5
175 233
69 6
114 225
13 7
150 147
213 7
103 248
156 8
55 8
100 9
89 187
42 10
34 10
241 10
239 236
182 11
30 92
124 12
19 80
65 13
53 193
5 14
243 167
201 14
190 252
140 15
14 184
79 16
99 210
17 17
63 68
211 17
47 6
148 18
195 16
84 19
148 92
19 20
66 226
209 20
118 154
143 21
221 125
76 22
49 133
8 23
49 169
195 23
167 226
125 24
100 42
55 25
68 121
239 25
43 200
166 26
10 16
93 27
216 73
18 28
153 110
198 28
92 119
121 29
56 93
43 30
83 25
220 30
220 164
139 31
15 249
57 32
50 15
231 32
155 224
146 33
168 102
61 34
200 154
230 34
115 118
142 35
50 243
52 36
154 10
218 36
76 182
125 37
250 239
31 38
98 177
192 38
82 244
95 39
167 178
253 39
74 230
153 40
55 137
52 41
120 149
205 41
37 5
101 42
105 210
250 42
125 247
142 43
170 110
33 44
76 50
178 44
205 60
65 45
170 136
206 45
112 16
90 46
190 206
227 46
69 190
107 47
199 217
241 47
24 28
118 48
31 128
248 48
214 0
121 49
72 153
247 49
147 68
116 50
234 253
238 50
144 192
103 51
222 135
222 51
65 79
83 52
54 18
198 52
82 204
54 53
60 121
165 53
176 20
18 54
126 154
124 54
138 6
229 54
206 84
75 55
89 129
175 55
77 136
17 56
227 101
113 56
105 22
207 56
66 150
42 57
232 225
131 57
232 245
218 57
232 206
47 58
163 105
130 58
232 194
210 58
158 215
32 59
196 164
108 59
110 39
182 59
196 92
253 59
10 66
66 60
150 212
132 60
217 17
197 60
87 247
2 61
174 130
62 61
146 177
119 61
207 129
174 61
72 241
226 61
247 253
20 62
239 165
68 62
89 231
113 62
118 192
156 62
160 47
197 62
71 51
235 62
245 201
14 63
74 242
47 63
254 170
78 63
227 242
106 63
226 200
132 63
251 43
156 63
72 27
177 63
249 149
195 63
90 155
211 63
203 42
225 63
199 67
236 63
224 229
244 63
193 16
251 63
45 196
254 63
0 0
0 64
0 0
0 64
1 0
0 0
0 0
0 0
254 255
255 255
0 0
0 0
0 0
0 0
255 255
255 255
0 0
0 0
192 63
192 63
84 57
66 63
89 33
198 62
136 236
75 62
241 143
211 61
245 0
93 61
75 53
232 60
244 34
117 60
60 192
3 60
185 3
148 59
70 228
37 59
1 89
185 58
72 89
78 58
185 220
228 57
44 219
124 57
182 76
22 57
162 41
177 56
114 106
77 56
221 7
235 55
203 250
137 55
86 60
42 55
199 197
203 54
150 144
110 54
100 150
18 54
255 208
183 53
95 58
94 53
162 204
5 53
15 130
174 52
16 85
88 52
52 64
3 52
47 62
175 51
213 73
92 51
27 94
10 51
24 118
185 50
255 140
105 50
36 158
26 50
246 164
204 49
1 157
127 49
236 129
51 49
122 79
232 48
133 1
158 48
3 148
84 48
1 3
12 48
163 74
196 47
36 103
125 47
215 84
55 47
35 16
242 46
132 149
173 46
139 225
105 46
219 240
38 46
46 192
228 45
77 76
163 45
21 146
98 45
117 142
34 45
108 62
227 44
10 159
164 44
113 173
102 44
208 102
41 44
104 200
236 43
136 207
176 43
141 121
117 43
226 195
58 43
3 172
0 43
117 47
199 42
205 75
142 42
173 254
85 42
194 69
30 42
198 30
231 41
126 135
176 41
187 125
122 41
91 255
68 41
68 10
16 41
105 156
219 40
198 179
167 40
97 78
116 40
77 106
65 40
162 5
15 40
133 30
221 39
35 179
171 39
178 193
122 39
113 72
74 39
167 69
26 39
164 183
234 38
191 156
187 38
90 243
140 38
219 185
94 38
178 238
48 38
86 144
3 38
68 157
214 37
2 20
170 37
29 243
125 37
38 57
82 37
183 228
38 37
113 244
251 36
250 102
209 36
253 58
167 36
46 111
125 36
69 2
84 36
1 243
42 36
36 64
2 36
121 232
217 35
206 234
177 35
248 69
138 35
208 248
98 35
52 2
60 35
7 97
21 35
50 20
239 34
162 26
201 34
72 115
163 34
26 29
126 34
20 23
89 34
51 96
52 34
124 247
15 34
245 219
235 33
171 12
200 33
172 136
164 33
13 79
129 33
228 94
94 33
77 183
59 33
103 87
25 33
83 62
247 32
57 107
213 32
65 221
179 32
152 147
146 32
111 141
113 32
249 201
80 32
109 72
48 32
4 8
16 32
252 247
239 223
147 183
207 223
7 54
175 223
145 114
142 223
104 108
109 223
191 34
76 223
199 148
42 223
173 193
8 223
153 168
230 222
179 72
196 222
28 161
161 222
243 176
126 222
84 119
91 222
85 243
55 222
11 36
20 222
132 8
240 221
205 159
203 221
236 232
166 221
230 226
129 221
184 140
92 221
94 229
54 221
206 235
16 221
249 158
234 220
204 253
195 220
48 7
157 220
8 186
117 220
50 21
78 220
135 23
38 220
220 191
253 219
255 12
213 219
187 253
171 219
210 144
130 219
3 197
88 219
6 153
46 219
143 11
4 219
73 27
217 218
218 198
173 218
227 12
130 218
254 235
85 218
188 98
41 218
170 111
252 217
78 17
207 217
37 70
161 217
166 12
115 217
65 99
68 217
92 72
21 217
89 186
229 216
143 183
181 216
78 62
133 216
221 76
84 216
123 225
34 216
94 250
240 215
179 149
190 215
159 177
139 215
58 76
88 215
151 99
36 215
188 245
239 214
165 0
187 214
69 130
133 214
130 120
79 214
58 225
24 214
62 186
225 213
83 1
170 213
51 180
113 213
139 208
56 213
253 83
255 212
30 60
197 212
115 134
138 212
120 48
79 212
152 55
19 212
48 153
214 211
143 82
153 211
246 96
91 211
148 193
28 211
139 113
221 210
235 109
157 210
179 179
92 210
210 63
27 210
37 15
217 209
117 30
150 209
124 106
82 209
221 239
13 209
41 171
200 208
220 152
130 208
93 181
59 208
255 252
243 207
253 107
171 207
123 254
97 207
134 176
23 207
20 126
204 206
255 98
128 206
10 91
51 206
220 97
229 205
1 115
150 205
232 137
70 205
229 161
245 204
43 182
163 204
209 193
80 204
204 191
252 203
240 170
167 203
241 125
81 203
94 51
250 202
161 197
161 202
1 47
72 202
156 105
237 201
106 111
145 201
57 58
52 201
170 195
213 200
53 5
118 200
35 248
20 200
142 149
178 199
94 214
78 199
74 179
233 198
212 36
131 198
71 35
27 198
184 166
177 197
255 166
70 197
186 27
218 196
71 252
107 196
196 63
252 195
12 221
138 195
181 202
23 195
11 255
162 194
15 112
44 194
120 19
180 193
167 222
57 193
172 198
189 192
64 192
63 192
0 0
0 96
0 128
0 0
0 0
0 0
0 0
255 255
255 127
0 0
0 0
0 64
0 0
0 32
205 60
65 45
0 0
0 0
50 90
85 90
104 228
251 89
93 118
163 89
11 11
76 89
142 157
245 88
34 41
160 88
36 169
75 88
17 25
248 87
127 116
165 87
39 183
83 87
216 220
2 87
128 225
178 86
37 193
99 86
231 119
21 86
254 1
200 85
186 91
123 85
130 129
47 85
210 111
228 84
61 35
154 84
107 152
80 84
22 204
7 84
14 187
191 83
53 98
120 83
129 190
49 83
246 204
235 82
174 138
166 82
209 244
97 82
152 8
30 82
77 195
218 81
72 34
152 81
240 34
86 81
189 194
20 81
49 255
211 80
225 213
147 80
107 68
84 80
123 72
21 80
204 223
214 79
35 8
153 79
82 191
91 79
53 3
31 79
183 209
226 78
202 40
167 78
110 6
108 78
171 104
49 78
149 77
247 77
72 179
189 77
237 151
132 77
179 249
75 77
212 214
19 77
147 45
220 76
59 252
164 76
31 65
110 76
157 250
55 76
23 39
2 76
252 196
204 75
189 210
151 75
216 78
99 75
206 55
47 75
42 140
251 74
124 74
200 74
92 113
149 74
105 255
98 74
71 243
48 74
163 75
255 73
44 7
206 73
156 36
157 73
174 162
108 73
40 128
60 73
208 187
12 73
119 84
221 72
239 72
174 72
17 152
127 72
189 64
81 72
213 65
35 72
65 154
245 71
239 72
200 71
207 76
155 71
217 164
110 71
8 80
66 71
90 77
22 71
211 155
234 70
123 58
191 70
93 40
148 70
139 100
105 70
23 238
62 70
26 196
20 70
175 229
234 69
245 81
193 69
16 8
152 69
37 7
111 69
95 78
70 69
236 220
29 69
251 177
245 68
194 204
205 68
119 44
166 68
84 208
126 68
152 183
87 68
130 225
48 68
87 77
10 68
92 250
227 67
218 231
189 67
31 21
152 67
119 129
114 67
54 44
77 67
175 20
40 67
56 58
3 67
42 156
222 66
227 57
186 66
190 18
150 66
30 38
114 66
100 115
78 66
246 249
42 66
59 185
7 66
157 176
228 65
135 223
193 65
104 69
159 65
176 225
124 65
207 179
90 65
60 187
56 65
106 247
22 65
212 103
245 64
241 11
212 64
63 227
178 64
59 237
145 64
100 41
113 64
59 151
80 64
68 54
48 64
3 6
16 64
0 0
0 64
3 0
0 0
6 0
0 0
13 0
0 0
25 0
0 0
50 0
0 0
101 0
0 0
201 0
0 0
146 1
0 0
36 3
0 0
72 6
0 0
145 12
0 0
34 25
0 0
68 50
0 0
136 100
0 0
16 201
0 0
32 146
1 0
63 36
3 0
127 72
6 0
254 144
12 0
251 33
25 0
247 67
50 0
237 135
100 0
219 15
201 0
181 31
146 1
107 63
36 3
213 126
72 6
170 253
144 12
84 251
33 25
169 246
67 50
81 237
135 100
0 0
0 0
159 170
0 64
0 6
128 255
8 240
255 255
224 166
8 64
229 113
128 254
113 176
255 255
115 141
24 64
200 252
129 253
104 34
255 255
177 58
48 64
169 99
133 252
124 40
254 255
172 121
79 64
20 96
139 251
31 167
252 255
205 4
118 64
205 166
148 250
34 133
250 255
177 134
163 64
146 230
161 249
38 172
247 255
36 155
215 64
238 198
179 248
0 9
244 255
80 208
17 65
36 231
202 247
12 140
239 255
12 168
81 65
53 221
231 246
118 41
234 255
72 153
150 65
8 53
11 246
110 217
227 255
144 17
224 65
171 111
53 245
79 152
220 255
163 118
45 66
187 2
103 244
177 102
212 255
15 40
126 66
232 87
160 243
111 73
203 255
215 128
209 66
166 204
225 242
153 73
193 255
17 217
38 67
240 177
43 242
88 116
182 255
130 135
125 67
59 76
126 241
198 218
170 255
36 227
212 67
126 211
217 240
182 145
158 255
161 68
44 68
93 115
62 240
113 177
145 255
182 7
131 68
108 75
172 239
109 85
132 255
119 140
216 68
143 111
35 239
248 155
118 255
124 56
44 69
107 232
163 238
222 165
104 255
233 119
125 69
240 179
45 238
10 150
90 255
93 190
203 69
236 197
192 237
37 145
76 255
181 135
22 70
181 8
93 237
52 189
62 255
180 88
93 70
212 93
2 237
54 65
49 255
139 191
159 70
191 158
176 236
195 68
36 255
54 84
221 70
146 157
103 236
175 239
23 255
202 184
21 71
207 37
39 236
174 105
12 255
149 153
72 71
28 253
238 235
6 218
1 255
40 173
117 71
255 227
190 235
56 103
248 254
80 180
156 71
152 150
150 235
190 54
240 254
231 121
189 71
82 205
117 235
199 108
233 254
160 210
215 71
141 61
92 235
255 43
228 254
183 156
235 71
71 154
73 235
89 149
224 254
150 191
248 71
179 148
61 235
227 199
222 254
105 43
255 71
202 220
55 235
165 224
222 254
171 216
254 71
212 33
56 235
131 250
224 254
170 199
247 71
225 18
62 235
35 46
229 254
0 0
234 71
61 95
73 235
226 145
235 254
17 144
213 71
213 182
89 235
196 57
244 254
122 140
186 71
148 202
110 235
118 55
255 254
140 15
153 71
180 76
136 235
74 154
12 255
191 56
113 71
7 241
165 235
64 111
28 255
43 44
67 71
49 109
199 235
13 193
46 255
0 18
15 71
229 120
236 235
42 152
67 255
11 22
213 70
7 206
20 236
230 250
90 255
50 103
149 70
219 40
64 236
118 237
116 255
3 55
80 70
24 72
110 236
15 114
145 255
68 185
5 70
6 237
158 236
251 136
176 255
131 35
182 69
135 219
209 236
179 48
210 255
185 172
97 69
40 218
6 237
251 101
246 255
232 140
8 69
32 178
61 237
250 35
29 0
199 252
170 68
81 47
118 237
90 100
70 0
118 53
73 68
74 32
176 237
96 31
114 0
47 112
227 67
55 86
235 237
9 76
160 0
9 230
121 67
222 164
39 238
40 224
208 0
189 207
12 67
140 226
100 238
126 208
3 1
107 101
156 66
12 232
162 238
214 16
57 1
114 222
40 66
142 144
225 238
32 148
112 1
64 113
178 65
156 185
32 239
134 76
170 1
49 83
57 65
0 67
96 239
137 43
230 1
110 184
189 64
178 14
160 239
20 34
36 2
210 211
63 64
195 0
224 239
148 32
100 2
210 214
191 63
67 255
31 240
0 0
0 32
0 0
0 0
255 255
255 255
255 255
255 31
0 0
0 0
0 0
0 224
0 0
0 16
0 0
0 0
255 255
255 255
255 255
255 15
0 0
0 0
0 0
0 240
0 0
0 8
0 0
0 0
255 255
255 255
255 255
255 7
0 0
0 0
0 0
0 248
0 0
0 4
0 0
0 0
255 255
255 255
255 255
255 3
0 0
0 0
0 0
0 252
0 0
0 2
0 0
0 0
255 255
255 255
255 255
255 1
0 0
0 0
0 0
0 254
0 0
0 1
0 0
0 0
255 255
255 255
255 255
255 0
0 0
0 0
0 0
0 255
0 0
128 0
0 0
0 0
255 255
255 255
255 255
127 0
0 0
0 0
0 0
128 255
0 0
64 0
0 0
0 0
255 255
255 255
255 255
63 0
0 0
0 0
0 0
192 255
0 0
32 0
0 0
0 0
255 255
255 255
255 255
31 0
0 0
0 0
0 0
224 255
0 0
16 0
0 0
0 0
255 255
255 255
255 255
15 0
0 0
0 0
0 0
240 255
0 0
8 0
0 0
0 0
255 255
255 255
255 255
7 0
0 0
0 0
0 0
248 255
0 0
4 0
0 0
0 0
255 255
255 255
255 255
3 0
0 0
0 0
0 0
252 255
0 0
2 0
0 0
0 0
255 255
255 255
255 255
1 0
0 0
0 0
0 0
254 255
0 0
1 0
0 0
0 0
255 255
255 255
255 255
0 0
0 0
0 0
0 0
255 255
0 128
0 0
0 0
0 0
255 255
255 255
255 127
0 0
0 0
0 0
0 128
255 255
0 64
0 0
0 0
0 0
255 255
255 255
255 63
0 0
0 0
0 0
0 192
255 255
0 32
0 0
0 0
0 0
255 255
255 255
255 31
0 0
0 0
0 0
0 224
255 255
0 16
0 0
0 0
0 0
255 255
255 255
255 15
0 0
0 0
0 0
0 240
255 255
0 8
0 0
0 0
0 0
255 255
255 255
255 7
0 0
0 0
0 0
0 248
255 255
0 4
0 0
0 0
0 0
255 255
255 255
255 3
0 0
0 0
0 0
0 252
255 255
0 2
0 0
0 0
0 0
255 255
255 255
255 1
0 0
0 0
0 0
0 254
255 255
0 1
0 0
0 0
0 0
255 255
255 255
255 0
0 0
0 0
0 0
0 255
255 255
128 0
0 0
0 0
0 0
255 255
255 255
127 0
0 0
0 0
0 0
128 255
255 255
64 0
0 0
0 0
0 0
255 255
255 255
63 0
0 0
0 0
0 0
192 255
255 255
32 0
0 0
0 0
0 0
255 255
255 255
31 0
0 0
0 0
0 0
224 255
255 255
16 0
0 0
0 0
0 0
255 255
255 255
15 0
0 0
0 0
0 0
240 255
255 255
8 0
0 0
0 0
0 0
255 255
255 255
7 0
0 0
0 0
0 0
248 255
255 255
4 0
0 0
0 0
0 0
255 255
255 255
3 0
0 0
0 0
0 0
252 255
255 255
2 0
0 0
0 0
0 0
255 255
255 255
1 0
0 0
0 0
0 0
254 255
255 255
1 0
0 0
0 0
0 0
255 255
255 255
0 0
0 0
0 0
0 0
255 255
255 255
140 0
63 0
80 235
42 0
0 0
255 255
255 255
80 0
0 0
250 255
255 255
155 0
0 0
239 255
255 255
43 1
0 0
212 255
255 255
65 2
0 0
145 255
255 255
85 4
0 0
246 254
255 255
81 8
0 0
147 253
255 255
241 15
0 0
116 250
255 255
128 30
0 0
134 243
255 255
57 58
0 0
70 228
255 255
231 110
0 0
1 195
255 255
183 210
0 0
234 122
255 255
65 143
1 0
167 223
254 255
37 242
2 0
241 146
253 255
145 139
5 0
40 205
250 255
175 101
10 0
223 232
244 255
123 104
19 0
217 110
232 255
45 11
36 0
233 23
206 255
201 138
66 0
66 164
150 255
112 254
121 0
98 49
34 255
158 206
221 0
129 52
46 254
182 64
143 1
124 12
48 252
96 200
197 2
236 95
7 248
168 30
218 4
193 77
93 239
32 89
81 8
82 183
87 221
223 233
220 13
67 166
233 183
255 66
46 22
0 0
0 128
126 100
69 33
0 0
0 128
254 133
92 44
0 0
0 128
253 133
92 44
0 0
0 128
186 232
162 11
205 204
204 12
142 227
56 14
0 0
0 16
146 36
73 18
85 85
85 21
154 153
153 25
0 0
0 32
171 170
170 42
0 0
0 64
170 0
63 0
220 235
0 0
0 0
85 85
85 5
0 0
0 0
0 0
0 32
0 0
0 0
61 100
96 0
239 75
79 5
90 48
0 0
62 255
255 31
1 0
0 0
183 39
195 0
186 189
60 5
97 139
1 0
155 243
255 31
40 0
0 0
36 199
42 1
118 75
28 5
169 103
5 0
174 190
255 31
59 1
0 0
149 252
153 1
238 139
235 4
246 120
13 0
195 37
255 31
129 5
0 0
99 228
19 2
114 216
166 4
14 13
28 0
92 196
253 31
26 18
0 0
125 42
156 2
112 252
72 4
32 92
52 0
23 246
250 31
70 49
0 0
129 68
55 3
81 190
202 3
211 247
90 0
14 180
245 31
38 118
0 0
187 190
234 3
47 50
34 3
105 105
150 0
61 95
236 31
250 2
1 0
250 164
189 4
200 190
65 2
140 23
240 0
175 109
220 31
101 19
2 0
106 20
185 5
3 176
22 1
32 154
117 1
208 237
193 31
94 13
4 0
136 10
233 6
221 29
135 255
111 184
58 2
120 169
150 31
30 157
7 0
93 144
93 8
237 204
110 253
37 115
92 3
21 14
81 31
133 227
13 0
120 115
44 10
197 117
154 250
24 186
5 5
223 5
226 30
224 195
24 0
219 220
115 12
37 129
192 246
163 218
118 7
141 201
49 30
184 103
43 0
33 75
94 15
43 160
117 241
106 116
17 11
117 117
26 29
160 33
75 0
101 211
40 19
31 124
26 234
233 34
108 16
217 228
94 27
87 250
128 0
42 8
63 0
134 236
2 59
189 30
86 255
169 135
70 6
86 255
169 163
172 3
189 30
172 6
80 86
171 0
189 30
171 6
97 86
172 0
53 86
59 86
164 30
213 255
177 86
168 254
168 88
255 118
18 228
47 155
172 235
172 131
151 135
168 40
0 64
0 154
169 196
5 86
164 0
99 86
164 0
160 86
166 3
84 255
5 86
169 0
99 86
169 0
162 86
169 135
5 86
164 0
99 86
164 0
160 86
166 3
84 255
5 86
169 0
99 86
169 0
162 86
66 135
5 86
169 0
99 86
169 0
161 86
165 135
44 86
171 135
64 2
5 86
169 0
99 86
169 0
175 86
160 86
169 140
6 0
171 88
127 143
98 232
191 118
100 232
255 118
102 232
5 86
151 0
99 86
151 0
175 86
160 86
150 7
5 86
169 0
99 86
169 0
175 86
160 86
149 7
158 86
255 118
66 232
199 196
169 163
84 255
73 79
72 86
171 12
171 6
84 255
67 79
72 86
171 12
166 6
84 255
73 79
50 86
166 7
67 79
72 86
166 12
166 6
171 7
69 79
50 86
134 254
2 41
6 0
2 59
189 30
86 255
169 135
70 6
86 255
169 163
172 3
189 30
172 6
80 86
171 0
189 30
171 6
97 86
172 0
53 86
59 86
164 30
213 255
177 86
168 254
168 88
255 118
18 228
42 155
172 235
172 131
151 135
168 40
0 64
0 154
169 196
5 86
164 0
99 86
164 0
160 86
166 3
84 255
5 86
169 0
99 86
169 0
162 86
169 135
5 86
164 0
99 86
164 0
160 86
166 3
84 255
5 86
169 0
99 86
169 0
162 86
66 135
5 86
169 0
99 86
169 0
161 86
165 135
44 86
171 135
64 2
5 86
169 0
99 86
169 0
171 86
169 140
6 0
171 88
127 143
98 232
191 118
100 232
255 118
102 232
5 86
151 0
99 86
151 0
171 86
150 7
5 86
169 0
99 86
169 0
171 86
149 7
153 86
255 118
76 232
199 196
169 163
84 255
73 79
72 86
171 12
171 6
84 255
67 79
72 86
171 12
166 6
84 255
73 79
50 86
166 7
67 79
72 86
166 12
166 6
171 7
69 79
50 86
134 254
2 41
6 0
2 59
189 30
86 255
169 135
70 6
86 255
169 163
172 3
189 30
172 6
80 86
171 0
189 30
171 6
97 86
172 0
53 86
59 86
164 30
213 255
177 86
168 254
168 88
255 118
18 228
38 155
172 235
172 131
151 135
168 40
0 64
0 154
169 196
5 86
164 0
99 86
164 0
160 86
166 3
84 255
5 86
169 0
99 86
169 0
162 86
169 135
5 86
164 0
99 86
164 0
160 86
166 3
84 255
5 86
169 0
99 86
169 0
162 86
66 135
5 86
169 0
99 86
169 0
161 86
165 135
44 86
171 135
64 2
5 86
169 0
99 86
169 0
167 86
169 140
6 0
171 88
127 143
98 232
191 118
100 232
255 118
102 232
5 86
151 0
99 86
151 0
167 86
150 7
5 86
169 0
99 86
169 0
167 86
149 7
149 86
255 118
84 232
199 196
169 163
84 255
73 79
72 86
171 12
171 6
84 255
67 79
72 86
171 12
166 6
84 255
73 79
50 86
166 7
67 79
72 86
166 12
166 6
171 7
69 79
50 86
134 254
2 41
6 0
2 59
189 30
86 255
169 135
70 6
86 255
169 163
172 3
189 30
172 6
80 86
171 0
189 30
171 6
97 86
172 0
53 86
59 86
164 30
213 255
177 86
168 254
168 88
255 118
18 228
33 155
172 235
172 131
151 135
168 40
0 64
0 154
169 196
5 86
164 0
99 86
164 0
160 86
166 3
84 255
5 86
169 0
99 86
169 0
162 86
169 135
5 86
164 0
99 86
164 0
160 86
166 3
84 255
5 86
169 0
99 86
169 0
162 86
66 135
5 86
169 0
99 86
169 0
161 86
165 135
44 86
171 135
64 2
5 86
169 0
99 86
169 0
162 86
169 140
6 0
171 88
127 143
98 232
191 118
100 232
255 118
102 232
5 86
151 0
99 86
151 0
162 86
150 7
5 86
169 0
99 86
169 0
162 86
149 7
144 86
255 118
94 232
199 196
169 163
84 255
73 79
72 86
171 12
171 6
84 255
67 79
72 86
171 12
166 6
84 255
73 79
50 86
166 7
67 79
72 86
166 12
166 6
171 7
69 79
50 86
134 254
2 41
6 0
169 135
5 86
169 0
99 86
169 0
171 196
169 197
68 135
5 86
68 0
99 86
68 0
87 86
166 0
92 86
64 86
167 0
62 86
53 86
82 86
167 33
53 86
82 86
169 196
181 255
181 86
168 254
168 8
2 255
168 88
167 147
172 149
168 64
208 255
189 30
255 118
34 231
151 138
255 118
18 231
135 131
188 86
160 12
189 86
160 10
164 135
99 86
172 0
166 135
49 255
99 86
169 0
165 135
65 86
172 0
99 86
164 0
49 255
169 138
164 135
99 86
172 0
166 135
49 255
99 86
169 0
165 135
65 86
172 0
99 86
164 0
49 255
166 135
99 86
169 0
151 135
5 86
169 0
99 86
169 0
190 135
44 86
163 86
87 86
171 0
92 86
64 86
169 0
62 86
170 8
0 128
92 86
64 86
215 0
62 86
6 0
169 135
5 86
169 0
99 86
169 0
171 196
169 197
68 135
5 86
68 0
99 86
68 0
87 86
166 0
92 86
64 86
167 0
62 86
53 86
82 86
167 33
53 86
82 86
169 196
181 255
181 86
168 254
168 8
2 255
168 88
167 147
172 149
168 64
208 255
189 30
255 118
34 231
151 138
255 118
18 231
135 131
188 86
160 12
189 86
160 10
164 135
99 86
172 0
166 135
49 255
99 86
169 0
165 135
65 86
172 0
99 86
164 0
49 255
169 138
164 135
99 86
172 0
166 135
49 255
99 86
169 0
165 135
65 86
172 0
99 86
164 0
49 255
166 135
99 86
169 0
151 135
5 86
169 0
99 86
169 0
190 135
44 86
163 86
87 86
171 0
92 86
64 86
169 0
62 86
170 8
0 128
92 86
64 86
215 0
62 86
6 0
169 135
5 86
169 0
99 86
169 0
171 196
169 197
68 135
5 86
68 0
99 86
68 0
87 86
166 0
92 86
64 86
167 0
62 86
53 86
82 86
167 33
53 86
82 86
169 196
181 255
181 86
168 254
168 8
2 255
168 88
167 147
172 149
168 64
208 255
189 30
255 118
34 231
151 138
255 118
18 231
135 131
188 86
160 12
189 86
160 10
164 135
99 86
172 0
166 135
49 255
99 86
169 0
165 135
65 86
172 0
99 86
164 0
49 255
169 138
164 135
99 86
172 0
166 135
49 255
99 86
169 0
165 135
65 86
172 0
99 86
164 0
49 255
166 135
99 86
169 0
151 135
5 86
169 0
99 86
169 0
190 135
44 86
163 86
87 86
171 0
92 86
64 86
169 0
62 86
170 8
0 128
92 86
64 86
215 0
62 86
6 0
169 135
5 86
169 0
99 86
169 0
171 196
169 197
68 135
5 86
68 0
99 86
68 0
87 86
166 0
92 86
64 86
167 0
62 86
53 86
82 86
167 33
53 86
82 86
169 196
181 255
181 86
168 254
168 8
2 255
168 88
167 147
172 149
168 64
208 255
189 30
255 118
34 231
151 138
255 118
18 231
135 131
188 86
160 12
189 86
160 10
164 135
99 86
172 0
166 135
49 255
99 86
169 0
165 135
65 86
172 0
99 86
164 0
49 255
169 138
164 135
99 86
172 0
166 135
49 255
99 86
169 0
165 135
65 86
172 0
99 86
164 0
49 255
166 135
99 86
169 0
151 135
5 86
169 0
99 86
169 0
190 135
44 86
163 86
87 86
171 0
92 86
64 86
169 0
62 86
170 8
0 128
92 86
64 86
215 0
62 86
6 0
189 30
70 6
53 86
59 86
164 30
213 255
59 236
168 88
255 118
18 228
46 155
172 235
172 131
151 135
255 118
2 229
135 196
5 86
164 0
99 86
164 0
160 86
166 3
84 255
5 86
169 0
99 86
169 0
162 86
169 135
5 86
164 0
99 86
164 0
160 86
166 3
84 255
5 86
169 0
99 86
169 0
162 86
190 135
5 86
169 0
99 86
169 0
161 86
165 135
44 86
87 86
135 0
64 86
135 0
80 86
215 0
89 86
199 0
97 86
247 0
81 86
231 0
128 86
171 6
6 0
169 40
255 255
168 40
255 127
130 254
6 0
189 30
70 6
53 86
59 86
164 30
213 255
59 236
168 88
255 118
18 228
41 155
172 235
172 131
151 135
255 118
2 229
135 196
5 86
164 0
99 86
164 0
160 86
166 3
84 255
5 86
169 0
99 86
169 0
162 86
169 135
5 86
164 0
99 86
164 0
160 86
166 3
84 255
5 86
169 0
99 86
169 0
162 86
190 135
5 86
169 0
99 86
169 0
161 86
165 135
44 86
87 86
135 0
64 86
135 0
80 86
215 0
89 86
199 0
97 86
247 0
81 86
231 0
128 86
171 6
6 0
169 40
255 255
168 40
255 127
130 254
6 0
189 30
70 6
53 86
59 86
164 30
213 255
59 236
168 88
255 118
18 228
37 155
172 235
172 131
151 135
255 118
2 229
135 196
5 86
164 0
99 86
164 0
160 86
166 3
84 255
5 86
169 0
99 86
169 0
162 86
169 135
5 86
164 0
99 86
164 0
160 86
166 3
84 255
5 86
169 0
99 86
169 0
162 86
190 135
5 86
169 0
99 86
169 0
161 86
165 135
44 86
87 86
135 0
64 86
135 0
80 86
215 0
89 86
199 0
97 86
247 0
81 86
231 0
128 86
171 6
6 0
169 40
255 255
168 40
255 127
130 254
6 0
189 30
70 6
53 86
59 86
164 30
213 255
59 236
168 88
255 118
18 228
32 155
172 235
172 131
151 135
255 118
2 229
135 196
5 86
164 0
99 86
164 0
160 86
166 3
84 255
5 86
169 0
99 86
169 0
162 86
169 135
5 86
164 0
99 86
164 0
160 86
166 3
84 255
5 86
169 0
99 86
169 0
162 86
190 135
5 86
169 0
99 86
169 0
161 86
165 135
44 86
87 86
135 0
64 86
135 0
80 86
215 0
89 86
199 0
97 86
247 0
81 86
231 0
128 86
171 6
6 0
169 40
255 255
168 40
255 127
130 254
6 0
53 86
59 86
169 196
181 255
181 86
168 254
168 8
2 255
168 88
172 64
172 147
208 255
189 30
255 118
34 231
151 138
255 118
18 231
135 131
189 86
160 12
188 86
160 10
164 135
99 86
172 0
166 135
49 255
99 86
169 0
165 135
65 86
172 0
99 86
164 0
49 255
169 138
164 135
99 86
172 0
166 135
49 255
99 86
169 0
165 135
65 86
172 0
99 86
164 0
49 255
151 135
5 86
169 0
99 86
169 0
143 86
131 86
143 86
190 135
82 86
87 86
199 0
64 86
215 0
80 86
247 0
89 86
231 0
175 86
6 0
53 86
59 86
169 196
181 255
181 86
168 254
168 8
2 255
168 88
172 64
172 147
208 255
189 30
255 118
34 231
151 138
255 118
18 231
135 131
188 86
160 12
189 86
160 8
164 135
99 86
172 0
166 135
49 255
99 86
169 0
165 135
65 86
172 0
99 86
164 0
49 255
169 138
164 135
99 86
172 0
166 135
49 255
99 86
169 0
165 135
65 86
172 0
99 86
164 0
49 255
151 135
5 86
169 0
99 86
169 0
140 86
143 86
190 135
82 86
87 86
199 0
64 86
215 0
80 86
247 0
89 86
231 0
175 86
6 0
53 86
59 86
169 196
181 255
181 86
168 254
168 8
2 255
168 88
172 64
172 147
208 255
189 30
255 118
34 231
151 138
255 118
18 231
135 131
188 86
160 12
189 86
160 8
164 135
99 86
172 0
166 135
49 255
99 86
169 0
165 135
65 86
172 0
99 86
164 0
49 255
169 138
164 135
99 86
172 0
166 135
49 255
99 86
169 0
165 135
65 86
172 0
99 86
164 0
49 255
151 135
5 86
169 0
99 86
169 0
134 86
143 86
190 135
82 86
87 86
199 0
64 86
215 0
80 86
247 0
89 86
231 0
175 86
6 0
53 86
59 86
169 196
181 255
181 86
168 254
168 8
2 255
168 88
172 64
172 147
208 255
189 30
255 118
34 231
151 138
255 118
18 231
135 131
189 86
160 12
188 86
160 10
164 135
99 86
172 0
166 135
49 255
99 86
169 0
165 135
65 86
172 0
99 86
164 0
49 255
169 138
164 135
99 86
172 0
166 135
49 255
99 86
169 0
165 135
65 86
172 0
99 86
164 0
49 255
151 135
5 86
169 0
99 86
169 0
160 86
143 86
190 135
82 86
87 86
199 0
64 86
215 0
80 86
247 0
89 86
231 0
175 86
6 0
53 86
59 86
169 196
181 255
181 86
168 254
168 8
2 255
168 88
172 64
172 147
208 255
189 30
255 118
34 231
151 138
255 118
18 231
135 131
189 86
160 12
188 86
160 8
164 135
99 86
172 0
166 135
49 255
99 86
169 0
165 135
65 86
172 0
99 86
164 0
49 255
169 138
164 135
99 86
172 0
166 135
49 255
99 86
169 0
165 135
65 86
172 0
99 86
164 0
49 255
166 135
99 86
169 0
151 135
5 86
169 0
99 86
169 0
131 86
190 135
44 86
170 8
0 128
64 86
215 0
6 0
53 86
59 86
169 196
181 255
181 86
168 254
168 8
2 255
168 88
172 64
172 147
208 255
189 30
255 118
34 231
151 138
255 118
18 231
135 131
188 86
160 12
189 86
160 10
164 135
99 86
172 0
166 135
49 255
99 86
169 0
165 135
65 86
172 0
99 86
164 0
49 255
169 138
164 135
99 86
172 0
166 135
49 255
99 86
169 0
165 135
65 86
172 0
99 86
164 0
49 255
166 135
99 86
169 0
151 135
5 86
169 0
99 86
169 0
128 86
190 135
44 86
170 8
0 128
64 86
215 0
6 0
53 86
59 86
169 196
181 255
181 86
168 254
168 8
2 255
168 88
172 64
172 147
208 255
189 30
255 118
34 231
151 138
255 118
18 231
135 131
188 86
160 12
189 86
160 10
164 135
99 86
172 0
166 135
49 255
99 86
169 0
165 135
65 86
172 0
99 86
164 0
49 255
169 138
164 135
99 86
172 0
166 135
49 255
99 86
169 0
165 135
65 86
172 0
99 86
164 0
49 255
166 135
99 86
169 0
151 135
5 86
169 0
99 86
169 0
160 86
190 135
44 86
170 8
0 128
64 86
215 0
6 0
53 86
59 86
169 196
181 255
181 86
168 254
168 8
2 255
168 88
172 64
172 147
208 255
189 30
255 118
34 231
151 138
255 118
18 231
135 131
189 86
160 12
188 86
160 8
164 135
99 86
172 0
166 135
49 255
99 86
169 0
165 135
65 86
172 0
99 86
164 0
49 255
169 138
164 135
99 86
172 0
166 135
49 255
99 86
169 0
165 135
65 86
172 0
99 86
164 0
49 255
166 135
99 86
169 0
151 135
5 86
169 0
99 86
169 0
162 86
190 135
44 86
170 8
0 128
64 86
215 0
6 0
189 40
107 63
189 40
36 3
189 40
183 193
189 40
124 81
191 118
0 225
255 118
0 224
4 41
2 59
95 86
190 135
5 86
169 0
99 86
169 0
143 86
132 86
169 24
255 1
128 255
169 88
190 135
71 86
171 0
0 2
171 135
150 138
151 131
165 3
128 86
103 86
164 0
2 41
170 140
170 42
171 3
99 86
169 0
164 7
99 86
169 0
165 7
50 86
128 86
6 0
189 40
107 63
189 40
36 3
189 40
183 193
189 40
124 81
191 118
0 225
255 118
0 224
4 41
2 59
95 86
190 135
5 86
169 0
99 86
169 0
134 86
169 24
255 1
128 255
169 88
190 135
71 86
171 0
0 2
171 135
150 138
151 131
165 3
128 86
103 86
164 0
2 41
170 140
170 42
171 3
99 86
169 0
164 7
99 86
169 0
165 7
50 86
142 86
6 0
189 40
107 63
189 40
36 3
189 40
183 193
189 40
124 81
191 118
0 225
255 118
0 224
4 41
2 59
95 86
190 135
5 86
169 0
99 86
169 0
139 86
169 24
255 1
128 255
169 88
190 135
71 86
171 0
0 2
171 135
150 138
151 131
165 3
128 86
103 86
164 0
2 41
170 140
170 42
171 3
99 86
169 0
164 7
99 86
169 0
165 7
50 86
137 86
6 0
189 40
107 63
189 40
36 3
189 40
183 193
189 40
124 81
191 118
0 225
255 118
0 224
4 41
2 59
95 86
190 135
5 86
169 0
99 86
169 0
143 86
169 24
255 1
128 255
169 88
190 135
71 86
171 0
0 2
171 135
150 138
151 131
165 3
128 86
103 86
164 0
2 41
170 140
170 42
171 3
99 86
169 0
164 7
99 86
169 0
165 7
50 86
133 86
6 0
189 40
107 63
189 40
36 3
189 40
183 193
189 40
124 81
191 118
0 225
255 118
0 224
2 59
86 255
190 135
5 86
169 0
99 86
169 0
143 86
132 86
169 24
255 1
128 255
169 88
190 135
71 86
171 0
0 2
171 135
150 138
151 131
164 3
128 86
103 86
165 0
2 41
170 140
170 42
171 7
99 86
169 0
165 3
99 86
169 0
164 7
128 86
6 0
189 40
107 63
189 40
36 3
189 40
183 193
189 40
124 81
191 118
0 225
255 118
0 224
2 59
86 255
190 135
5 86
169 0
99 86
169 0
134 86
169 24
255 1
128 255
169 88
190 135
71 86
171 0
0 2
171 135
150 138
151 131
164 3
128 86
103 86
165 0
2 41
170 140
170 42
171 7
99 86
169 0
165 3
99 86
169 0
164 7
142 86
6 0
189 40
107 63
189 40
36 3
189 40
183 193
189 40
124 81
191 118
0 225
255 118
0 224
2 59
86 255
190 135
5 86
169 0
99 86
169 0
139 86
169 24
255 1
128 255
169 88
190 135
71 86
171 0
0 2
171 135
150 138
151 131
164 3
128 86
103 86
165 0
2 41
170 140
170 42
171 7
99 86
169 0
165 3
99 86
169 0
164 7
137 86
6 0
189 40
107 63
189 40
36 3
189 40
183 193
189 40
124 81
191 118
0 225
255 118
0 224
2 59
86 255
190 135
5 86
169 0
99 86
169 0
143 86
169 24
255 1
128 255
169 88
190 135
71 86
171 0
0 2
171 135
150 138
151 131
164 3
128 86
103 86
165 0
2 41
170 140
170 42
171 7
99 86
169 0
165 3
99 86
169 0
164 7
133 86
6 0
58 6
63 0
210 248
20 254
70 30
68 160
66 168
88 138
127 118
107 254
77 150
0 82
3 236
239 255
213 0
77 40
231 3
66 6
70 7
1 25
72 30
169 245
134 8
3 144
3 82
5 237
62 143
0 128
84 168
22 111
169 245
134 8
3 144
1 82
5 237
63 143
0 0
84 168
13 111
169 245
134 8
3 144
2 82
5 237
63 143
0 0
84 168
4 111
63 143
0 64
84 168
66 196
84 6
166 15
13 102
72 196
63 143
255 127
169 168
166 15
7 104
66 6
15 255
125 0
74 30
78 43
23 111
66 196
61 143
0 120
169 168
166 15
14 102
72 196
61 143
255 123
169 168
166 15
8 104
66 6
11 255
175 7
74 30
78 40
16 0
4 111
12 154
239 255
139 0
127 118
42 251
34 118
169 245
134 8
3 144
3 82
5 237
3 154
169 244
141 10
22 111
169 245
134 8
3 144
1 82
5 237
1 154
169 244
141 10
13 111
169 245
134 8
3 144
2 82
5 237
2 154
169 244
141 10
4 111
0 154
169 244
141 10
26 118
1 2
80 30
70 6
80 15
92 104
78 92
74 6
127 118
161 251
75 150
81 43
81 146
45 82
41 103
31 118
52 0
2 6
0 190
166 15
3 236
2 197
103 62
68 138
75 146
169 28
255 255
196 206
4 236
77 40
31 0
24 111
68 138
196 146
75 84
20 236
68 138
75 146
94 255
196 202
76 150
78 93
76 92
74 6
127 118
223 251
78 92
74 6
127 118
161 251
75 150
81 10
81 146
45 82
217 104
68 138
196 146
75 84
27 236
77 27
231 3
3 237
77 40
30 0
88 138
75 146
220 150
68 138
196 146
88 138
212 150
78 146
7 237
88 138
74 6
31 255
125 0
196 30
19 111
88 138
74 6
27 255
175 7
196 30
13 111
68 6
1 9
68 30
74 6
1 9
74 30
80 6
1 9
80 30
70 6
80 15
166 103
127 118
29 251
77 27
231 3
2 237
77 43
77 146
148 254
6 0
6 254
68 168
65 150
68 138
127 118
107 254
70 150
0 82
3 236
239 255
197 0
70 40
231 3
65 24
255 0
65 146
4 237
20 154
239 255
188 0
127 118
42 251
34 118
3 154
169 244
141 10
26 118
69 40
7 0
69 14
63 143
204 254
49 255
1 86
164 0
68 131
196 138
128 154
127 118
249 252
70 150
0 82
4 236
70 40
24 0
5 111
69 147
69 11
0 83
236 237
70 146
93 237
69 43
69 146
7 82
89 102
69 88
63 143
196 254
148 146
65 206
77 236
69 14
63 143
204 254
127 143
206 254
49 255
1 86
164 0
69 14
49 255
1 86
165 0
196 138
197 146
68 131
127 118
14 254
70 150
0 82
19 237
69 14
63 143
204 254
127 143
206 254
49 255
1 86
164 0
69 14
49 255
1 86
165 0
196 138
197 146
68 131
127 118
158 252
70 150
0 82
20 237
69 14
63 143
204 254
127 143
206 254
49 255
1 86
164 0
69 14
49 255
1 86
165 0
196 138
197 146
68 131
127 118
249 252
70 150
18 111
69 14
63 143
204 254
127 143
206 254
49 255
1 86
164 0
69 14
49 255
1 86
165 0
196 138
197 146
68 131
127 118
249 252
70 146
5 237
69 10
69 146
7 82
169 105
70 146
58 236
0 154
168 245
134 8
0 83
2 236
1 154
3 82
11 237
69 14
63 143
204 254
49 255
1 86
164 0
196 6
68 138
196 30
40 111
0 154
168 245
134 8
0 83
2 236
1 154
1 82
9 237
68 138
3 86
69 12
169 14
31 255
126 0
196 30
24 111
0 154
168 245
134 8
0 83
2 236
1 154
2 82
9 237
68 138
3 86
69 13
169 14
31 255
126 0
196 30
8 111
68 138
3 86
69 12
169 14
30 255
253 0
196 30
127 118
29 251
70 146
134 254
6 0
8 254
67 124
66 30
127 118
158 254
71 150
127 118
183 254
70 150
66 6
127 118
110 251
69 150
3 154
169 244
145 10
10 154
169 244
140 10
0 154
2 155
127 118
170 254
67 146
169 26
11 10
169 244
144 10
32 255
153 25
127 118
170 254
67 146
169 26
11 2
169 244
144 10
34 255
51 51
127 118
170 254
69 88
0 143
156 10
148 146
68 150
67 146
169 26
11 10
169 244
144 10
0 154
1 155
127 118
170 254
169 40
15 10
169 244
144 10
32 255
153 25
127 118
170 254
26 118
70 146
127 118
187 254
71 244
119 112
68 146
136 254
6 0
8 254
68 125
67 124
66 30
127 118
158 254
71 150
127 118
183 254
70 150
66 6
127 118
110 251
4 154
169 244
145 10
6 154
169 244
139 10
11 154
169 244
137 10
3 154
169 244
140 10
67 244
138 10
0 154
2 155
127 118
170 254
68 146
169 26
11 10
169 244
144 10
69 43
67 146
69 84
9 104
0 154
2 155
127 118
170 254
69 10
67 146
69 84
249 103
68 146
169 26
11 2
169 244
144 10
47 255
24 21
127 118
170 254
68 146
169 26
11 10
169 244
144 10
0 154
40 155
127 118
170 254
169 40
15 10
169 244
144 10
32 255
153 25
127 118
170 254
26 118
70 146
127 118
187 254
71 244
119 112
136 254
6 0
34 118
127 118
79 251
0 154
169 244
129 10
169 245
144 10
4 240
169 244
144 10
26 118
6 0
34 118
0 154
169 244
130 10
127 118
79 251
169 40
85 170
169 244
129 10
169 40
13 14
169 244
144 10
0 154
3 155
127 118
170 254
31 118
52 0
2 6
0 190
166 15
3 236
2 197
103 62
169 40
15 10
169 244
144 10
169 40
204 76
3 155
127 118
170 254
26 118
6 0
0 154
169 244
145 10
169 244
148 10
169 244
152 10
169 244
153 10
169 244
154 10
169 244
155 10
169 244
146 10
169 244
137 10
169 244
138 10
169 244
139 10
169 244
140 10
10 154
169 244
136 10
169 40
12 12
169 244
144 10
6 0
2 254
66 30
34 118
169 40
15 10
169 244
144 10
0 143
148 10
1 41
66 6
65 255
196 150
66 6
3 144
130 254
6 0
34 118
0 154
169 244
145 10
169 40
15 10
169 244
144 10
0 154
169 244
137 10
169 244
138 10
169 244
139 10
169 244
140 10
32 255
153 25
127 118
170 254
26 118
6 0
169 40
255 255
169 244
152 10
169 244
153 10
169 244
154 10
169 244
155 10
6 0
8 254
67 124
66 30
127 118
158 254
71 150
127 118
183 254
70 150
66 6
127 118
110 251
68 150
67 146
169 26
11 10
169 244
144 10
1 154
169 244
145 10
4 154
169 244
137 10
32 255
153 25
127 118
170 254
67 146
169 26
11 2
169 244
144 10
169 40
102 102
1 155
127 118
170 254
68 88
0 143
156 10
148 146
69 150
67 146
169 26
11 10
169 244
144 10
0 154
1 155
127 118
170 254
127 118
127 251
70 146
127 118
187 254
71 244
119 112
69 146
136 254
6 0
8 254
68 125
67 124
66 30
127 118
158 254
71 150
127 118
183 254
70 150
66 6
127 118
110 251
69 150
127 118
150 251
69 88
0 143
152 10
67 146
148 150
68 146
169 26
11 10
169 244
144 10
2 154
169 244
145 10
9 154
169 244
137 10
6 154
169 244
139 10
32 255
153 25
127 118
170 254
68 146
169 26
11 2
169 244
144 10
0 154
4 155
127 118
170 254
68 146
169 26
11 10
169 244
144 10
0 154
1 155
127 118
170 254
127 118
127 251
70 146
127 118
187 254
71 244
119 112
136 254
6 0
8 254
67 124
66 30
127 118
158 254
71 150
127 118
183 254
70 150
66 6
127 118
110 251
69 150
67 146
169 26
11 10
169 244
144 10
5 154
169 244
145 10
32 255
153 25
127 118
170 254
67 146
169 26
11 2
169 244
144 10
0 154
8 155
127 118
170 254
69 88
0 143
156 10
148 146
68 150
67 146
169 26
11 10
169 244
144 10
32 255
153 25
127 118
170 254
127 118
127 251
70 146
127 118
187 254
71 244
119 112
68 146
136 254
6 0
8 254
68 125
67 124
66 30
127 118
158 254
71 150
127 118
183 254
70 150
66 6
127 118
110 251
69 150
127 118
150 251
69 88
0 143
152 10
67 146
148 150
68 146
169 26
11 10
169 244
144 10
6 154
169 244
145 10
169 244
139 10
169 244
137 10
0 154
169 244
140 10
0 154
10 155
127 118
170 254
68 146
169 26
11 2
169 244
144 10
47 255
232 3
127 118
170 254
68 146
169 26
11 10
169 244
144 10
0 154
1 155
127 118
170 254
127 118
127 251
70 146
127 118
187 254
71 244
119 112
136 254
6 0
16 254
70 160
67 150
66 168
66 196
62 143
0 128
169 168
166 15
17 102
67 128
66 6
167 13
166 30
63 143
255 127
129 222
169 168
166 15
7 104
66 6
15 255
125 0
80 30
77 43
3 111
12 154
62 111
73 40
22 0
72 43
75 43
74 43
76 43
77 92
80 6
127 118
131 250
71 150
31 118
52 0
2 6
0 190
166 15
3 236
2 197
103 62
71 27
255 255
23 236
74 27
136 19
4 104
73 40
22 0
24 111
72 92
77 93
80 6
127 118
203 250
75 10
74 10
72 146
10 82
11 103
75 146
15 82
8 104
75 43
72 10
5 111
76 10
80 6
1 9
80 30
67 146
76 84
212 102
127 118
127 251
67 146
76 84
5 237
71 27
255 255
2 237
73 43
73 146
144 254
6 0
16 254
70 160
67 150
66 168
75 40
231 3
66 196
62 143
0 128
169 168
166 15
13 102
66 196
63 143
255 127
169 168
166 15
7 104
66 6
15 255
125 0
78 30
79 43
3 111
12 154
57 111
72 40
1 0
74 40
23 0
73 43
73 27
208 7
33 102
79 92
78 6
127 118
33 252
71 150
31 118
52 0
2 6
0 190
166 15
3 236
2 197
103 62
71 146
8 236
94 255
79 93
169 92
78 6
127 118
91 252
7 111
74 43
78 6
1 9
78 30
72 10
5 111
73 10
73 27
208 7
225 105
74 146
7 236
73 27
208 7
4 105
75 40
23 0
4 111
67 146
72 84
208 103
75 146
23 82
2 236
75 43
75 146
144 254
6 0
10 254
68 125
67 124
66 30
73 40
231 3
127 118
42 251
70 40
1 0
72 40
23 0
71 43
71 27
144 1
33 102
68 92
66 6
127 118
33 252
69 150
31 118
52 0
2 6
0 190
166 15
3 236
2 197
103 62
69 146
9 236
94 255
68 93
169 92
66 6
127 118
91 252
71 10
7 111
72 43
66 6
1 9
66 30
70 10
4 111
71 27
144 1
225 105
72 146
10 236
71 27
144 1
7 105
73 40
23 0
66 6
1 9
66 30
70 10
67 146
70 84
205 103
127 118
29 251
73 146
23 82
2 236
73 43
73 146
138 254
6 0
12 254
70 168
67 125
66 30
75 40
231 3
73 40
1 0
67 146
73 84
45 104
74 43
74 146
45 82
27 103
79 92
66 6
127 118
161 251
71 150
31 118
52 0
2 6
0 190
166 15
3 236
2 197
103 62
71 146
12 236
94 255
72 150
72 92
79 93
66 6
127 118
223 251
74 10
74 146
45 82
231 104
71 146
6 236
79 146
4 237
75 40
21 0
8 111
66 6
1 9
66 30
73 10
67 146
73 84
213 103
75 146
21 82
5 236
169 27
231 3
2 237
75 43
75 146
140 254
6 0
10 254
70 30
68 160
66 168
78 138
127 118
107 254
71 150
0 82
46 237
1 2
74 30
70 6
74 15
40 104
31 118
52 0
2 6
0 190
166 15
3 236
2 197
103 62
68 138
196 146
66 138
196 84
15 236
78 138
66 6
196 30
68 138
196 146
78 138
212 150
66 138
196 146
78 138
220 150
71 40
40 0
13 111
74 6
1 9
74 30
68 6
1 9
68 30
66 6
1 9
66 30
70 6
74 15
218 103
71 146
138 254
6 0
12 254
72 160
69 150
68 168
68 196
62 143
0 128
169 168
166 15
16 102
69 128
68 6
167 13
166 30
63 143
255 127
129 222
169 168
166 15
6 104
68 6
15 255
125 0
76 30
3 111
12 154
23 111
65 40
64 0
69 93
72 138
76 6
127 118
148 253
65 40
128 0
72 138
64 143
0 4
76 6
127 118
148 253
65 43
69 93
72 138
76 6
127 118
148 253
73 150
140 254
6 0
6 254
0 212
127 118
107 254
66 150
0 82
34 237
69 43
66 40
50 0
65 43
65 146
8 82
21 102
65 14
63 143
236 254
49 255
1 86
164 0
196 6
15 255
125 0
68 30
69 93
128 212
68 6
127 118
77 253
66 114
65 10
65 146
8 82
237 105
66 146
50 82
3 237
0 154
2 111
23 154
134 254
6 0
2 254
66 168
127 118
150 254
66 6
8 236
66 138
0 2
196 30
66 138
212 43
66 138
220 43
169 245
136 10
0 82
3 237
10 154
2 111
0 154
130 254
6 0
4 254
68 30
66 168
169 245
119 112
169 24
254 255
169 244
119 112
127 118
183 254
127 118
150 254
66 138
68 6
196 30
0 154
50 155
127 118
170 254
249 111
34 118
169 245
41 112
104 80
169 244
41 112
26 118
6 0
2 254
65 245
119 112
169 245
119 112
169 24
254 255
169 244
119 112
65 146
130 254
6 0
31 118
52 0
169 135
99 86
4 0
52 25
196 86
6 0
67 255
1 25
194 86
255 255
6 0
8 118
48 59
190 146
6 0
189 150
0 118
6 0
47 255
0 127
6 0
169 40
0 1
6 0
128 0
64 0
32 0
16 0
8 0
4 0
2 0
1 0
0 128
62 0
0 32
0 0
0 160
62 0
0 32
0 0
0 192
62 0
0 32
0 0
0 224
62 0
0 32
0 0
0 0
63 0
0 32
0 0
0 32
63 0
0 32
0 0
0 64
63 0
0 32
0 0
0 96
63 0
0 32
0 0
0 128
62 0
0 32
0 0
0 160
62 0
0 32
0 0
0 192
62 0
0 32
0 0
0 224
62 0
0 32
0 0
0 0
63 0
0 32
0 0
0 32
63 0
0 32
0 0
0 64
63 0
0 32
0 0
0 96
63 0
0 32
0 0
38 0
63 0
161 248
173 40
4 0
31 86
22 86
26 86
64 41
31 118
0 0
2 41
105 255
127 118
176 244
207 86
2 0
173 40
4 0
189 43
189 43
189 30
7 0
51 86
172 30
169 88
169 89
169 90
169 91
169 92
169 93
169 136
169 128
31 118
0 0
189 43
189 40
11 10
0 118
19 118
6 0
241 3
63 0
176 244
4 254
34 118
31 118
192 1
191 86
37 85
191 86
37 170
17 26
128 1
28 26
8 0
105 255
253 118
128 124
103 62
31 118
192 1
28 24
247 255
31 118
52 0
0 2
4 30
31 118
52 0
2 30
26 118
31 118
255 253
56 146
57 146
58 146
59 146
60 146
61 146
62 146
63 146
34 118
31 118
34 0
1 204
0 16
203 255
25 237
31 118
190 1
12 24
255 31
13 24
12 240
10 24
255 31
11 24
12 240
28 24
124 224
26 24
124 224
54 24
207 255
55 24
207 255
58 26
4 4
31 118
191 1
24 24
251 251
31 118
34 0
1 204
0 8
202 255
1 82
13 237
31 118
52 0
0 27
170 85
176 86
67 2
33 237
31 118
52 0
1 146
67 150
28 111
31 118
191 1
8 204
32 0
196 255
128 255
67 150
8 204
4 0
193 255
67 152
31 118
34 0
1 204
0 16
203 255
3 237
67 26
1 0
67 146
31 118
52 0
1 150
31 118
52 0
0 40
170 85
26 118
67 146
2 82
4 237
105 255
127 118
151 245
105 255
127 118
141 248
67 146
3 82
23 237
31 118
34 0
1 204
0 16
203 255
13 237
2 204
0 255
199 255
255 82
8 237
63 143
0 192
66 168
127 118
149 248
66 6
84 111
253 118
192 124
103 62
67 150
11 82
5 237
63 143
246 127
66 168
54 111
6 82
5 237
61 143
0 120
66 168
48 111
10 82
4 237
0 2
66 30
43 111
1 82
5 237
127 118
221 247
66 30
37 111
4 82
5 237
127 118
204 245
66 30
31 111
5 82
5 237
127 118
35 247
66 30
25 111
0 82
5 237
127 118
110 247
66 30
19 111
7 82
5 237
127 118
65 246
66 30
13 111
31 118
34 0
1 204
0 8
202 255
5 237
63 143
246 127
66 168
3 111
127 118
151 245
63 143
246 127
169 168
66 15
13 237
31 118
34 0
1 204
0 16
203 255
7 237
196 27
255 255
4 237
127 118
110 247
66 30
127 118
149 248
66 6
132 254
6 0
127 118
149 248
37 118
255 111
2 254
65 150
31 118
193 1
8 150
2 204
64 0
197 255
1 82
252 237
7 146
66 150
130 254
6 0
2 254
0 154
127 118
155 245
65 150
34 118
31 118
192 1
27 150
26 118
15 246
0 119
105 255
0 154
127 118
155 245
65 150
4 150
15 246
0 119
191 86
66 1
66 146
7 82
8 102
105 255
127 118
51 246
66 10
66 146
7 82
250 105
130 254
105 255
6 0
2 254
63 143
51 246
31 118
0 0
2 168
34 118
31 118
192 1
28 26
0 1
191 86
27 2
31 118
193 1
10 40
0 128
191 86
0 7
191 86
1 14
191 86
4 127
191 86
0 135
31 118
190 1
13 24
240 255
8 26
21 0
4 26
63 0
8 24
63 255
11 26
8 0
31 118
191 1
5 26
8 0
26 118
105 255
169 40
0 3
127 118
155 245
127 118
18 246
169 27
170 8
4 236
63 143
246 127
13 111
127 118
169 245
127 118
107 248
66 30
127 118
70 248
31 118
191 1
3 26
8 0
66 138
169 168
130 254
6 0
2 254
0 154
127 118
155 245
0 154
127 118
155 245
0 154
127 118
155 245
65 150
170 82
8 237
0 154
127 118
155 245
3 86
169 8
65 152
11 111
0 154
127 118
155 245
65 150
0 154
127 118
155 245
3 86
169 8
65 152
65 146
130 254
6 0
2 254
0 154
127 118
155 245
65 150
0 154
127 118
155 245
3 86
169 8
65 152
65 146
130 254
6 0
2 254
31 118
192 1
17 204
8 0
194 255
1 82
2 237
0 111
63 143
198 246
31 118
0 0
2 168
127 118
100 246
127 118
198 246
169 27
170 8
4 236
63 143
246 127
9 111
127 118
125 248
127 118
107 248
66 30
127 118
70 248
66 138
169 168
130 254
6 0
52 254
34 118
31 118
192 1
28 26
0 64
31 118
190 1
9 26
0 80
13 24
255 63
5 26
0 48
31 118
128 1
42 6
74 30
74 26
8 0
74 6
42 30
44 6
72 30
72 26
8 0
72 6
44 30
0 2
31 118
132 1
10 30
170 40
255 255
171 40
255 255
31 118
128 1
12 169
30 169
34 169
20 6
96 30
96 26
0 16
96 6
20 30
24 6
92 30
24 6
92 30
92 204
16 0
195 255
1 82
250 237
0 2
94 30
93 204
0 255
1 80
93 150
94 26
7 0
94 26
120 0
94 6
22 30
20 6
96 30
96 24
255 239
96 6
20 30
24 6
92 30
24 6
92 30
92 204
16 0
195 255
251 237
0 2
0 30
4 143
0 0
31 118
132 1
8 168
31 118
128 1
2 2
2 30
0 30
26 118
180 254
105 255
6 0
2 254
65 43
66 43
31 118
128 1
12 6
253 236
31 118
132 1
13 204
0 255
199 255
65 150
13 198
66 150
3 86
66 8
65 152
170 40
255 255
171 40
255 255
31 118
128 1
12 169
65 146
130 254
6 0
31 118
228 1
191 86
5 2
8 43
8 43
9 40
32 38
2 204
4 0
193 255
253 236
2 204
2 0
192 255
1 82
5 237
9 26
0 8
1 154
9 111
127 118
91 247
169 27
170 8
3 236
1 154
2 111
0 154
6 0
4 254
127 118
91 247
65 150
127 118
91 247
66 150
127 118
91 247
67 150
31 118
228 1
9 24
223 255
3 150
66 146
4 150
65 146
12 150
9 26
32 0
191 86
68 1
68 146
5 82
8 102
127 118
91 247
66 150
68 10
68 146
5 82
250 105
132 254
6 0
2 254
63 143
91 247
31 118
0 0
2 168
34 118
31 118
190 1
9 26
0 10
13 24
255 207
5 26
0 15
31 118
192 1
28 26
16 0
26 118
31 118
228 1
191 86
7 80
12 43
191 86
3 43
191 86
4 43
9 40
32 6
32 40
0 96
33 40
0 32
105 255
127 118
226 246
1 82
4 237
63 143
246 127
11 111
127 118
0 247
26 118
105 255
127 118
107 248
66 30
127 118
70 248
66 138
169 168
130 254
6 0
2 254
31 118
228 1
191 86
5 2
9 40
32 44
9 204
0 8
202 255
1 82
252 236
6 146
65 150
3 86
6 8
65 202
130 254
6 0
4 254
34 118
31 118
190 1
12 24
192 255
13 24
255 63
0 2
6 30
54 24
255 207
55 24
255 252
31 118
191 1
26 26
64 0
31 118
190 1
58 26
64 0
26 118
63 143
159 247
31 118
0 0
2 168
2 197
105 255
103 62
67 150
169 27
170 8
4 236
63 143
246 127
9 111
127 118
125 248
127 118
107 248
66 30
127 118
70 248
66 138
169 168
132 254
6 0
2 254
31 118
191 1
28 26
64 0
24 204
0 16
203 255
253 237
0 6
1 205
0 128
63 144
222 255
150 255
169 203
1 204
0 64
205 255
133 255
168 202
65 150
26 26
64 0
24 204
0 16
203 255
1 82
252 237
65 24
255 0
28 26
64 0
24 204
0 16
203 255
253 237
0 6
1 205
0 128
63 144
222 255
150 255
169 203
1 204
0 64
205 255
133 255
168 202
3 86
169 8
65 152
26 26
64 0
24 204
0 16
203 255
1 82
252 237
65 146
130 254
6 0
4 254
63 143
43 248
31 118
0 0
2 168
34 118
31 118
192 1
28 26
0 4
191 86
27 2
31 118
193 1
26 40
0 128
191 86
16 7
191 86
17 3
20 43
191 86
17 35
31 118
190 1
13 24
255 207
9 26
0 5
5 26
0 3
26 118
31 118
193 1
191 86
19 1
28 26
0 32
28 26
0 64
28 204
0 128
206 255
1 82
252 237
28 26
0 64
28 24
255 223
21 204
64 0
197 255
1 82
252 237
23 198
67 150
25 150
105 255
127 118
43 248
169 27
170 8
4 236
63 143
246 127
9 111
127 118
125 248
127 118
107 248
66 30
127 118
70 248
66 138
169 168
132 254
6 0
2 254
65 43
66 43
31 118
193 1
21 204
64 0
197 255
1 82
250 237
23 198
65 150
25 150
21 204
64 0
197 255
1 82
252 237
23 198
66 150
25 150
3 86
66 8
65 152
65 146
130 254
6 0
6 254
31 118
0 0
2 197
103 62
68 150
27 111
127 118
107 248
66 30
191 86
70 1
13 111
31 118
0 0
2 197
103 62
69 150
66 138
169 168
1 9
66 30
69 146
196 150
70 10
68 146
70 84
242 103
31 118
0 0
2 197
103 62
68 150
0 82
229 237
134 254
6 0
2 254
31 118
0 0
2 197
103 62
1 41
169 37
66 30
31 118
0 0
2 197
103 62
169 14
66 152
65 153
66 6
130 254
6 0
2 254
191 86
65 1
65 146
8 82
9 102
31 118
0 0
2 197
103 62
65 10
65 146
8 82
249 105
130 254
6 0
34 118
31 118
192 1
191 86
41 104
26 118
105 255
6 0
34 118
31 118
192 1
191 86
41 40
191 86
37 85
191 86
37 170
26 118
105 255
6 0
7 0
63 0
199 248
31 86
34 118
192 185
41 40
40 0
26 118
0 111
1 0
63 0
185 255
254 255
64 0
63 0
192 255
161 248
63 0
66 0
0 0
68 0
0 0
70 0
0 0
72 0
0 0
74 0
0 0
76 0
0 0
78 0
0 0
80 0
0 0
82 0
0 0
84 0
0 0
86 0
0 0
88 0
0 0
90 0
0 0
92 0
0 0
94 0
0 0
96 0
0 0
98 0
0 0
100 0
0 0
199 248
63 0
104 0
0 0
106 0
0 0
108 0
0 0
110 0
0 0
112 0
0 0
114 0
0 0
116 0
0 0
118 0
0 0
120 0
0 0
122 0
0 0
124 0
0 0
126 0
0 0
4 0
63 0
188 255
144 254
92 69
61 9
0 0
2 0
63 0
186 255
1 0
9 1
4 0
63 0
206 248
255 255
255 255
255 255
255 255
173 0
63 0
12 255
255 255
255 255
255 255
255 255
255 255
255 255
255 255
255 255
255 255
255 255
255 255
255 255
255 255
255 255
255 255
255 255
255 255
255 255
255 255
255 255
255 255
255 255
255 255
255 255
255 255
255 255
255 255
255 255
255 255
255 255
255 255
255 255
255 255
255 255
255 255
255 255
255 255
255 255
255 255
255 255
255 255
255 255
255 255
255 255
255 255
255 255
255 255
255 255
255 255
255 255
255 255
255 255
255 255
255 255
255 255
255 255
255 255
255 255
255 255
255 255
255 255
255 255
255 255
255 255
255 255
255 255
255 255
255 255
255 255
255 255
255 255
255 255
255 255
255 255
255 255
255 255
255 255
255 255
255 255
255 255
255 255
255 255
255 255
255 255
255 255
255 255
255 255
255 255
255 255
255 255
255 255
255 255
255 255
255 255
255 255
255 255
255 255
255 255
255 255
255 255
255 255
255 255
255 255
255 255
255 255
255 255
255 255
255 255
255 255
255 255
255 255
255 255
255 255
255 255
255 255
255 255
255 255
255 255
255 255
255 255
255 255
255 255
255 255
255 255
255 255
255 255
255 255
255 255
255 255
255 255
255 255
255 255
255 255
255 255
255 255
255 255
255 255
255 255
255 255
255 255
255 255
255 255
255 255
255 255
255 255
255 255
255 255
255 255
255 255
255 255
255 255
255 255
255 255
255 255
255 255
255 255
255 255
255 255
255 255
255 255
255 255
255 255
255 255
255 255
255 255
255 255
255 255
255 255
255 255
255 255
255 255
255 255
255 255
0 0
